[0.017 0.017 0.017 0.288 0.288 0.017 0.017 0.288 0.017 0.017 0.017]
[0.003 0.003 0.003 0.047 0.796 0.047 0.003 0.047 0.047 0.003 0.003]
[0.000 0.003 0.000 0.000 0.003 0.931 0.003 0.000 0.003 0.055 0.000]
[0.000 0.000 0.003 0.000 0.000 0.000 0.941 0.000 0.000 0.000 0.055]
[0.003 0.000 0.000 0.003 0.000 0.000 0.000 0.993 0.000 0.000 0.000]
[0.000 0.000 0.000 0.000 0.000 0.000 0.000 0.000 1.000 0.000 0.000]
[0.000 0.000 0.000 0.000 0.000 0.000 0.000 0.000 0.000 1.000 0.000]
[0.000 0.000 0.000 0.000 0.000 0.000 0.000 0.000 0.000 0.000 1.000]
[1.000 0.000 0.000 0.000 0.000 0.000 0.000 0.000 0.000 0.000 0.000]
[0.000 1.000 0.000 0.000 0.000 0.000 0.000 0.000 0.000 0.000 0.000]
[0.000 0.000 1.000 0.000 0.000 0.000 0.000 0.000 0.000 0.000 0.000]
