[0.017 0.017 0.288 0.017 0.017 0.017 0.288 0.017 0.017 0.017 0.288]
[0.027 0.002 0.002 0.467 0.027 0.002 0.002 0.467 0.002 0.002 0.002]
[0.000 0.003 0.000 0.003 0.931 0.003 0.000 0.003 0.055 0.000 0.000]
[0.000 0.000 0.000 0.000 0.000 0.943 0.000 0.000 0.000 0.055 0.000]
[0.000 0.000 0.000 0.000 0.000 0.000 0.944 0.000 0.000 0.000 0.056]
[0.003 0.000 0.000 0.000 0.000 0.000 0.000 0.996 0.000 0.000 0.000]
[0.000 0.000 0.000 0.000 0.000 0.000 0.000 0.000 1.000 0.000 0.000]
[0.000 0.000 0.000 0.000 0.000 0.000 0.000 0.000 0.000 1.000 0.000]
[0.000 0.000 0.000 0.000 0.000 0.000 0.000 0.000 0.000 0.000 1.000]
[1.000 0.000 0.000 0.000 0.000 0.000 0.000 0.000 0.000 0.000 0.000]
[0.000 1.000 0.000 0.000 0.000 0.000 0.000 0.000 0.000 0.000 0.000]
[0.000 0.000 1.000 0.000 0.000 0.000 0.000 0.000 0.000 0.000 0.000]
[0.000 0.000 0.000 1.000 0.000 0.000 0.000 0.000 0.000 0.000 0.000]
[0.000 0.000 0.000 0.000 1.000 0.000 0.000 0.000 0.000 0.000 0.000]
[0.000 0.000 0.000 0.000 0.000 1.000 0.000 0.000 0.000 0.000 0.000]
