[0.017 0.017 0.017 0.288 0.288 0.017 0.017 0.288 0.017 0.017 0.017]
[0.049 0.003 0.003 0.003 0.049 0.049 0.003 0.003 0.833 0.003 0.003]
[0.000 0.052 0.000 0.000 0.000 0.052 0.003 0.000 0.000 0.891 0.000]
[0.000 0.000 0.053 0.000 0.000 0.000 0.053 0.000 0.000 0.000 0.895]
[0.993 0.000 0.000 0.003 0.000 0.000 0.000 0.003 0.000 0.000 0.000]
[0.000 0.999 0.000 0.000 0.000 0.000 0.000 0.000 0.000 0.000 0.000]
[0.000 0.000 1.000 0.000 0.000 0.000 0.000 0.000 0.000 0.000 0.000]
[0.000 0.000 0.000 1.000 0.000 0.000 0.000 0.000 0.000 0.000 0.000]
[0.000 0.000 0.000 0.000 1.000 0.000 0.000 0.000 0.000 0.000 0.000]
[0.000 0.000 0.000 0.000 0.000 1.000 0.000 0.000 0.000 0.000 0.000]
[0.000 0.000 0.000 0.000 0.000 0.000 1.000 0.000 0.000 0.000 0.000]
[0.000 0.000 0.000 0.000 0.000 0.000 0.000 1.000 0.000 0.000 0.000]
[0.000 0.000 0.000 0.000 0.000 0.000 0.000 0.000 1.000 0.000 0.000]
[0.000 0.000 0.000 0.000 0.000 0.000 0.000 0.000 0.000 1.000 0.000]
[0.000 0.000 0.000 0.000 0.000 0.000 0.000 0.000 0.000 0.000 1.000]
