[140 134 149]
[141 135 149]
[142 135 149]
[143 135 149]
[144 136 150]
[145 137 150]
[145 137 150]
[145 137 150]
[146 138 150]
[146 138 150]
[147 139 150]
[147 140 150]
[148 140 150]
[148 140 150]
[149 141 150]
[149 141 150]
[150 142 150]
[150 142 150]
[150 143 150]
[151 143 150]
[151 144 150]
[152 144 150]
[152 145 150]
[152 145 149]
[152 145 149]
[152 145 149]
[152 145 149]
[152 145 149]
[152 145 149]
[154 147 152]
[154 147 152]
[154 147 152]
[154 147 152]
[154 147 151]
[154 147 152]
[154 147 151]
[154 147 152]
[157 149 154]
[157 149 154]
[157 149 153]
[157 149 153]
[156 149 154]
[156 149 154]
[156 149 154]
[156 149 154]
[156 149 154]
[159 151 156]
[158 151 156]
[158 152 156]
[158 152 156]
[158 151 156]
[158 152 156]
[158 152 156]
[158 151 156]
[158 151 156]
[158 151 156]
[161 154 158]
[161 154 158]
[161 154 158]
[161 154 158]
[161 154 158]
[161 154 158]
[161 154 158]
[161 154 158]
[161 154 158]
[161 153 158]
[161 153 158]
[161 153 158]
[163 156 160]
[163 156 160]
[163 156 160]
[163 156 160]
[163 156 160]
[163 156 160]
[162 155 160]
[162 155 160]
[162 155 160]
[162 155 159]
[162 155 159]
[162 155 159]
[162 155 159]
[162 155 159]
[164 157 161]
[163 156 161]
[163 156 160]
[163 156 160]
[162 155 160]
[162 155 160]
[162 155 160]
[163 155 160]
[163 156 160]
[163 156 160]
[163 156 160]
[163 155 160]
[163 155 160]
[163 156 160]
[163 156 160]
[163 156 160]
[165 158 162]
[165 158 162]
[165 158 162]
[165 158 162]
[165 158 162]
[165 158 162]
[165 158 162]
[165 158 162]
[165 158 162]
[165 158 162]
[165 158 162]
[165 158 162]
[165 158 162]
[165 158 162]
[165 158 163]
[165 158 162]
[165 158 162]
[165 158 162]
[165 158 162]
[167 160 164]
[167 160 164]
[167 160 164]
[167 160 164]
[167 160 164]
[167 160 164]
[167 160 164]
[167 160 164]
[167 160 164]
[167 160 164]
[167 160 164]
[167 160 164]
[167 160 164]
[167 160 164]
[167 160 164]
[167 160 164]
[167 160 165]
[167 160 165]
[167 160 165]
[167 160 165]
[167 160 164]
[167 160 164]
[167 160 164]
[167 160 164]
[170 162 166]
[170 162 167]
[169 162 166]
[169 162 167]
[169 162 166]
[169 162 167]
[169 162 166]
[169 162 166]
[169 162 166]
[169 162 166]
[169 161 166]
[169 161 166]
[168 161 166]
[168 161 166]
[168 161 166]
[168 161 166]
[168 161 166]
[168 161 166]
[168 161 165]
[168 161 165]
[168 160 165]
[167 159 164]
[164 157 162]
[162 155 160]
[161 154 159]
[160 153 159]
[158 151 157]
[156 149 155]
[155 149 155]
[157 151 156]
[157 151 156]
[157 151 156]
[157 151 156]
[157 151 156]
[158 151 155]
[158 152 156]
[158 152 156]
[158 152 156]
[158 152 156]
[160 154 158]
[161 155 158]
[161 155 158]
[160 154 158]
[160 154 158]
[161 154 159]
[161 155 159]
[162 155 159]
[162 155 159]
[163 156 160]
[163 156 160]
[164 157 161]
[166 159 163]
[167 159 163]
[167 159 163]
[167 159 163]
[167 159 163]
[166 159 163]
[166 159 163]
[165 158 163]
[165 158 162]
[165 158 162]
[164 158 162]
[164 158 162]
[164 158 162]
[164 158 162]
[165 158 162]
[165 159 162]
[165 159 162]
[165 159 163]
[168 161 165]
[168 161 165]
[168 161 165]
[168 161 165]
[168 161 165]
[169 162 166]
[170 163 166]
[173 166 169]
[177 169 171]
[177 169 172]
[178 170 172]
[178 170 173]
[179 171 174]
[178 171 174]
[178 171 175]
[178 172 176]
[178 172 176]
[179 172 176]
[179 172 176]
[179 172 176]
[179 172 176]
[178 172 175]
[178 171 175]
[178 171 175]
[178 171 175]
[178 171 175]
[178 171 175]
[178 171 175]
[178 171 175]
[178 171 175]
[178 171 175]
[177 171 175]
[177 171 175]
[177 171 175]
[177 171 175]
[177 171 175]
[176 171 175]
[176 171 176]
[176 171 176]
[176 171 176]
[177 171 177]
[177 171 176]
[177 171 176]
[177 171 175]
[177 171 175]
[177 171 175]
[177 171 175]
[177 171 175]
[177 171 175]
[177 171 175]
[177 171 175]
[177 171 175]
[177 171 175]
[177 171 175]
[177 171 175]
[177 171 175]
[177 171 174]
[177 170 174]
[177 170 174]
[176 170 174]
[176 170 175]
[176 170 175]
[176 170 175]
[176 170 175]
[176 170 175]
[176 170 174]
[176 170 174]
[176 170 174]
[176 170 175]
[176 171 176]
[176 171 176]
[176 171 175]
[177 171 176]
[177 171 176]
[177 171 177]
[177 171 177]
[177 171 177]
[178 171 177]
[178 172 176]
[178 171 175]
[178 171 175]
[178 171 175]
[178 171 175]
[178 171 175]
[178 171 175]
[178 171 175]
[178 171 175]
[178 171 175]
[178 171 175]
[178 171 175]
[178 171 175]
[178 171 175]
[178 171 175]
[178 171 175]
[178 171 175]
[178 171 175]
[178 171 175]
[178 171 175]
[178 171 175]
[178 171 175]
[178 171 175]
[178 171 175]
[178 171 175]
[178 171 175]
[178 171 175]
[178 171 175]
[178 171 175]
[178 171 175]
[178 171 175]
[177 171 175]
[177 171 175]
[177 170 175]
[178 171 175]
[178 171 175]
[178 171 175]
[178 171 175]
[178 171 175]
[178 171 175]
[178 171 175]
[178 171 175]
[178 171 175]
[178 171 175]
[178 171 175]
[178 171 175]
[178 171 175]
[178 171 175]
[178 171 175]
[178 171 175]
[178 171 175]
[178 171 175]
[178 171 175]
[178 171 175]
[178 171 175]
[178 171 175]
[178 171 175]
[178 171 175]
[178 171 175]
[178 171 175]
[178 171 175]
[178 171 175]
[178 171 175]
[177 171 175]
[177 171 175]
[177 171 175]
[177 171 175]
[177 171 175]
[178 171 175]
[178 171 175]
[178 171 175]
[178 171 175]
[178 171 175]
[178 171 175]
[178 171 175]
[178 171 175]
[177 171 175]
[177 171 175]
[177 171 175]
[177 171 175]
[177 171 175]
[177 171 175]
[177 171 175]
[178 171 175]
[178 171 175]
[178 171 175]
[178 171 175]
[178 171 175]
[178 171 175]
[178 171 175]
[178 171 175]
[178 171 175]
[178 171 175]
[178 171 175]
[178 171 175]
[178 171 175]
[178 171 175]
[178 171 175]
[178 171 175]
[178 171 174]
[177 170 174]
[176 170 174]
[176 169 174]
[175 169 173]
[175 169 174]
[176 170 175]
[177 171 175]
[177 171 175]
[177 170 175]
[177 170 174]
[177 170 175]
[177 170 175]
[177 170 175]
[177 170 174]
[177 170 174]
[177 170 173]
[177 170 173]
[177 170 173]
[177 170 173]
[177 170 173]
[176 170 174]
[176 170 174]
[176 170 174]
[176 170 174]
[176 170 174]
[176 170 174]
[176 170 174]
[176 170 174]
[176 169 174]
[176 169 173]
[175 169 173]
[175 169 173]
[174 169 173]
[174 169 173]
[174 169 172]
[174 168 172]
[174 168 172]
[174 168 172]
[174 168 172]
[174 168 172]
[174 167 172]
[173 167 172]
[173 167 171]
[173 167 171]
[173 167 171]
[172 166 171]
[172 166 171]
[171 165 170]
[170 164 169]
[168 162 167]
[165 159 165]
[160 155 161]
[157 153 159]
[154 150 157]
[153 149 157]
[155 151 159]
[156 151 160]
[146 139 146]
[145 136 138]
[150 141 146]
[154 145 148]
[160 151 153]
[162 152 153]
[161 153 157]
[157 147 149]
[156 149 153]
[155 149 156]
[151 145 152]
[146 140 145]
[150 145 151]
[151 149 159]
[150 149 158]
[152 150 159]
[153 151 159]
[157 154 161]
[160 156 163]
[165 160 166]
[169 163 168]
[172 166 169]
[174 167 170]
[176 168 171]
[177 169 172]
[179 171 173]
[179 171 174]
[180 172 174]
[180 172 175]
[180 173 175]
[180 173 176]
[180 174 177]
[180 174 178]
[180 175 179]
[180 174 178]
[179 173 177]
[178 172 176]
[177 171 175]
[176 170 174]
[175 168 172]
[173 166 171]
[171 165 169]
[170 163 167]
[168 162 166]
[165 159 165]
[162 157 163]
[161 155 161]
[160 155 160]
[160 155 161]
[161 155 161]
[162 156 161]
[163 156 161]
[163 156 161]
[162 156 160]
[160 153 158]
[154 149 154]
[160 154 157]
[160 154 158]
[157 151 155]
[160 153 156]
[163 156 159]
[168 160 163]
[172 163 166]
[173 165 167]
[176 167 169]
[176 168 170]
[177 169 171]
[177 169 172]
[177 170 173]
[178 171 174]
[178 171 175]
[178 172 176]
[179 173 177]
[179 173 177]
[179 173 178]
[179 173 178]
[179 173 178]
[179 173 178]
[179 173 178]
[179 173 178]
[179 173 177]
[178 172 177]
[178 172 176]
[178 172 176]
[178 172 176]
