[170 187 100]
[170 187 100]
[170 187 100]
[170 187 100]
[170 187 100]
[170 187 100]
[170 187 100]
[170 187 100]
[170 187 100]
[170 187 100]
[170 187 100]
[170 187 100]
[170 187 100]
[170 187 100]
[170 187 100]
[170 187 100]
[170 187 100]
[170 187 100]
[170 187 100]
[170 187 100]
[170 187 100]
[170 187 100]
[170 187 100]
[170 187 100]
[170 187 100]
[170 187 100]
[170 187 100]
[170 187 100]
[170 187 100]
[170 187 100]
[170 187 100]
[170 187 100]
[170 187 100]
[170 187 100]
[170 187 100]
[170 187 100]
[170 187 100]
[170 187 100]
[170 187 100]
[170 187 100]
[170 187 100]
[170 187 100]
[170 187 100]
[170 187 100]
[170 187 100]
[170 187 101]
[170 187 101]
[170 187 101]
[171 187 100]
[171 187 100]
[171 187 100]
[171 187 100]
[170 187 100]
[170 187 100]
[170 187 100]
[170 187 100]
[169 187 100]
[169 187 100]
[169 186  99]
[169 186  99]
[169 186  99]
[169 186  99]
[169 186  99]
[169 187  99]
[170 187  99]
[170 187 100]
[170 187  99]
[170 187  99]
[170 187 100]
[171 188 100]
[171 188 100]
[171 188 100]
[171 188 101]
[171 188 101]
[171 188 100]
[171 188 100]
[171 188 100]
[171 188 101]
[171 188 101]
[171 188 101]
[171 188 101]
[171 188 101]
[171 188 101]
[171 188 101]
[171 188 100]
[171 188 100]
[171 188 100]
[171 188 100]
[171 188 100]
[171 188 100]
[171 188 101]
[171 188 101]
[171 188 101]
[171 188 101]
[171 188 101]
[171 188 101]
[171 188 100]
[171 188 100]
[171 188 100]
[171 188 100]
[171 188 100]
[171 188 100]
[171 188 101]
[171 188 101]
[171 188 101]
[171 188 101]
[171 188 101]
[171 188 101]
[171 188 101]
[171 188 101]
[171 188 100]
[171 188 101]
[171 188 101]
[171 188 101]
[171 188 101]
[171 188 101]
[171 188 101]
[171 188 101]
[171 188 101]
[171 188 101]
[171 188 101]
[171 188 101]
[171 188 101]
[171 188 101]
[171 188 101]
[171 188 101]
[171 188 101]
[171 188 101]
[171 188 101]
[171 188 101]
[171 188 101]
[171 188 101]
[171 188 101]
[171 188 101]
[171 188 101]
[171 188 101]
[171 188 101]
[171 188 100]
[171 188 100]
[171 188 100]
[171 188 100]
[171 188 100]
[171 188 100]
[171 188 101]
[171 188 101]
[171 188 101]
[171 188 101]
[171 188 101]
[171 188 101]
[171 188 101]
[171 188 101]
[171 188 101]
[171 188 101]
[171 188 101]
[171 188 101]
[171 188 101]
[171 188 101]
[171 188 101]
[171 188 101]
[171 188 101]
[171 188 101]
[171 188 101]
[171 187 101]
[170 187 100]
[170 187 100]
[170 187 100]
[170 187 100]
[169 186  99]
[168 185  98]
[167 184  97]
[165 183  96]
[164 181  95]
[161 180  94]
[158 178  92]
[156 176  90]
[154 173  88]
[154 173  87]
[151 171  86]
[149 169  85]
[150 170  85]
[147 166  80]
[147 163  74]
[148 165  79]
[149 165  79]
[151 167  81]
[154 170  83]
[154 169  81]
[155 168  77]
[155 168  78]
[153 168  80]
[153 169  82]
[152 168  81]
[154 169  82]
[154 172  87]
[152 172  90]
[151 171  90]
[149 169  89]
[147 168  88]
[145 166  87]
[143 165  86]
[142 164  85]
[144 164  83]
[141 159  77]
[110 129  58]
[ 98 118  52]
[ 97 118  52]
[ 91 110  47]
[84 95 36]
[103  86  36]
[122 122  57]
[158 170  84]
[164 177  94]
[160 179 102]
[157 180 106]
[153 179 107]
[150 176 105]
[149 174 101]
[148 172  97]
[148 172  96]
[148 172  96]
[149 173  97]
[150 174  98]
[151 175  98]
[155 178 101]
[157 179 101]
[160 181 103]
[160 182 102]
[161 181 102]
[162 180  97]
[163 176  88]
[161 176  90]
[159 176  93]
[160 175  90]
[160 172  84]
[159 170  78]
[162 174  84]
[165 179  93]
[164 180  97]
[153 170  90]
[108 102  56]
[14 10  5]
[79 65 38]
[118 116  61]
[118 132  66]
[121 137  67]
[128 138  72]
[137 164  93]
[158 186 117]
[159 187 121]
[160 187 124]
[159 187 126]
[159 187 127]
[159 187 127]
[159 187 126]
[159 187 125]
[160 187 124]
[161 187 123]
[162 188 122]
[163 188 121]
[163 188 120]
[164 188 120]
[164 188 119]
[165 188 119]
[164 187 117]
[163 186 115]
[161 185 114]
[159 183 111]
[158 182 109]
[158 182 108]
[159 182 108]
[164 188 117]
[166 191 121]
[166 191 120]
[171 194 122]
[174 196 123]
[176 197 123]
[177 199 124]
[179 200 123]
[182 202 125]
[182 201 124]
[182 201 123]
[181 200 121]
[182 200 120]
[181 199 119]
[180 198 117]
[179 197 116]
[179 196 115]
[178 195 113]
[177 194 112]
[177 194 112]
[176 193 110]
[176 193 109]
[175 192 108]
[175 192 107]
[174 191 106]
[173 190 105]
[173 190 104]
[171 188 102]
[170 187 101]
[169 186 100]
[168 185  99]
[167 184  98]
[166 184  96]
[165 183  96]
[165 183  95]
[164 182  95]
[164 182  95]
[163 181  94]
[162 179  93]
[160 178  92]
[157 175  90]
[154 172  87]
[152 171  85]
[151 171  84]
[151 171  83]
[151 171  83]
[154 173  85]
[159 178  90]
[163 182  94]
[165 184  97]
[164 184  96]
[163 182  95]
[165 182  95]
[188 182 119]
[200 182 135]
[196 183 133]
[174 183 114]
[158 181 102]
[150 174  97]
[144 169  94]
[142 167  92]
[141 166  91]
[138 165  89]
[135 162  86]
[132 159  83]
[129 157  81]
[130 157  80]
