[160 157 161]
[160 157 161]
[160 157 161]
[160 158 161]
[160 157 161]
[160 157 161]
[161 158 161]
[161 158 161]
[161 158 161]
[161 158 161]
[161 158 162]
[162 159 162]
[164 161 164]
[164 160 164]
[163 160 163]
[164 160 164]
[163 160 164]
[164 160 164]
[163 160 163]
[164 160 162]
[164 160 162]
[164 160 162]
[164 160 162]
[163 160 163]
[163 160 164]
[163 160 164]
[163 160 164]
[163 160 164]
[163 160 162]
[163 159 161]
[162 159 161]
[163 160 161]
[163 160 161]
[164 160 163]
[164 160 163]
[164 160 164]
[163 160 163]
[163 160 163]
[162 159 162]
[162 159 162]
[162 159 161]
[161 158 161]
[162 159 161]
[161 159 162]
[161 159 162]
[161 159 162]
[161 159 162]
[161 159 162]
[161 158 161]
[161 158 161]
[161 157 160]
[161 156 158]
[161 156 158]
[159 154 156]
[156 152 153]
[156 152 153]
[156 151 152]
[155 150 151]
[157 152 153]
[158 154 156]
[157 153 155]
[157 154 155]
[158 155 156]
[159 156 158]
[160 156 158]
[160 157 160]
[161 158 162]
[160 158 162]
[160 157 162]
[160 157 161]
[160 157 162]
[160 158 163]
[162 159 164]
[162 160 164]
[163 160 163]
[163 160 162]
[162 159 161]
[162 158 159]
[161 158 160]
[160 157 160]
[160 157 159]
[160 157 160]
[159 156 159]
[160 156 158]
[159 155 157]
[158 155 155]
[158 155 156]
[159 156 158]
[159 156 159]
[159 156 159]
[160 156 159]
[160 156 159]
[160 156 159]
[159 156 159]
[160 157 162]
[160 157 162]
[160 157 161]
[160 156 160]
[160 156 159]
[159 155 157]
[159 155 157]
[158 153 154]
[157 152 153]
[158 154 157]
[159 155 158]
[158 155 158]
[159 156 161]
[159 157 162]
[159 157 161]
[160 157 161]
[160 157 161]
[160 157 161]
[160 157 161]
[160 158 163]
[160 158 163]
[159 157 162]
[159 156 161]
[158 155 159]
[158 154 157]
[158 154 156]
[158 154 157]
[159 155 158]
[159 156 159]
[159 157 160]
[160 157 160]
[160 157 161]
[160 157 160]
[160 157 159]
[160 156 159]
[160 157 159]
[160 157 159]
[161 157 160]
[161 158 161]
[161 158 162]
[161 158 162]
[160 158 163]
[160 159 163]
[161 159 163]
[161 158 163]
[160 158 163]
[161 158 163]
[161 158 162]
[161 158 161]
[161 157 160]
[161 157 160]
[158 155 157]
[158 155 157]
[158 155 157]
[158 155 159]
[159 157 160]
[162 159 163]
[162 159 163]
[162 159 162]
[162 159 162]
[162 159 161]
[164 161 163]
[164 161 164]
[165 161 164]
[164 161 165]
[164 161 165]
[164 162 165]
[164 161 165]
[163 161 164]
[164 160 163]
[164 160 162]
[164 160 162]
[163 160 161]
[163 160 161]
[163 160 162]
[163 160 162]
[163 160 162]
[163 160 162]
[163 160 162]
[163 160 162]
[163 160 162]
