[140 119 138]
[139 118 136]
[138 117 134]
[137 117 132]
[137 118 133]
[137 118 135]
[137 118 134]
[136 119 134]
[136 120 135]
[136 120 136]
[136 121 136]
[136 122 139]
[137 124 142]
[138 126 143]
[139 128 145]
[140 130 147]
[141 131 148]
[142 133 149]
[142 134 150]
[144 135 151]
[145 136 152]
[146 137 153]
[146 138 154]
[147 139 154]
[147 139 155]
[148 140 156]
[149 140 156]
[149 140 157]
[150 141 157]
[150 141 157]
[150 141 157]
[150 142 158]
[150 142 158]
[146 138 155]
[147 139 156]
[145 137 154]
[147 139 156]
[148 140 156]
[149 141 157]
[149 141 158]
[149 141 157]
[150 142 158]
[151 143 158]
[151 143 159]
[151 143 159]
[151 143 159]
[151 143 159]
[151 143 159]
[151 143 159]
[151 143 159]
[151 143 159]
[151 143 159]
[151 143 159]
[151 143 159]
[151 143 159]
[151 143 159]
[151 143 159]
[151 143 158]
[151 143 159]
[152 143 159]
[152 144 160]
[152 144 160]
[152 144 161]
[152 144 161]
[152 144 161]
[152 144 161]
[152 144 161]
[152 144 161]
[152 144 161]
[152 144 161]
[152 144 161]
[151 143 160]
[149 141 159]
[149 142 159]
[149 141 158]
[147 139 156]
[149 140 156]
[150 141 157]
[149 141 157]
[149 141 157]
[149 141 157]
[149 141 157]
[149 141 158]
[150 141 158]
[150 141 158]
[150 141 158]
[149 141 157]
[149 140 155]
[148 139 154]
[147 138 152]
[147 138 152]
[148 138 152]
[148 138 152]
[147 138 151]
[147 137 150]
[147 137 149]
[147 136 148]
[146 136 148]
[146 136 148]
[146 136 148]
[146 136 148]
[146 136 148]
[146 136 148]
[146 136 148]
[146 136 148]
[146 136 148]
[146 136 148]
[146 137 149]
[147 137 149]
[147 137 149]
[147 137 150]
[147 137 150]
[147 138 150]
[147 138 150]
[147 138 150]
[147 138 150]
[147 138 150]
[147 137 150]
[146 137 149]
[145 136 149]
[144 135 148]
[143 134 147]
[142 133 146]
[142 133 146]
[143 133 146]
[145 135 147]
[144 135 147]
[143 134 147]
[143 134 147]
[143 134 148]
[144 135 148]
[144 135 149]
[145 135 148]
[146 136 149]
[143 133 146]
[139 130 141]
[140 131 143]
[139 130 141]
[135 126 138]
[134 126 140]
[134 126 142]
[135 127 141]
[139 131 148]
[142 134 150]
[144 137 153]
[146 138 155]
[146 139 155]
[146 139 156]
[146 139 156]
[147 139 156]
[146 139 156]
[145 138 155]
[143 135 153]
[132 119 128]
[130 119 128]
[131 119 127]
[132 119 127]
[130 117 123]
[133 118 121]
[140 127 134]
[140 127 135]
[137 125 133]
[139 126 136]
[139 127 137]
[141 129 141]
[144 134 151]
[144 137 157]
[143 136 157]
[143 137 158]
[144 139 159]
[143 138 158]
[146 140 158]
[149 141 159]
[151 143 159]
[152 144 160]
[154 145 161]
[156 148 162]
[159 150 164]
[160 150 164]
[158 149 163]
[156 147 161]
[156 146 161]
[155 146 160]
[154 146 160]
[154 145 159]
[153 144 159]
[153 144 158]
[153 144 158]
[153 144 158]
[153 144 158]
[152 144 157]
[152 143 157]
[151 142 156]
[151 142 156]
[152 143 156]
[152 143 156]
[151 142 156]
[150 142 156]
[150 141 157]
[150 142 157]
[149 141 157]
[148 140 156]
[146 139 155]
[146 138 155]
[146 139 156]
[148 141 157]
[149 141 157]
[148 141 157]
[147 140 157]
[147 139 156]
[146 139 156]
[146 139 156]
[146 139 156]
[147 139 156]
[148 140 157]
[148 141 157]
[148 141 157]
[148 141 157]
[148 141 157]
[149 141 157]
[148 141 157]
[148 141 157]
[148 140 156]
[148 140 156]
[148 140 156]
[148 140 156]
[148 141 157]
[148 141 157]
[148 141 157]
[149 141 158]
[149 141 158]
[148 141 158]
[148 141 158]
[148 141 158]
[147 140 157]
[147 140 157]
[147 140 157]
[148 140 157]
[147 140 157]
[148 140 157]
[148 140 157]
[147 140 156]
[145 138 154]
[144 136 153]
[143 136 152]
[144 136 152]
[144 135 151]
[145 136 152]
[147 138 152]
[146 138 152]
[146 137 152]
[146 137 151]
[146 137 151]
[145 136 151]
[144 136 150]
[144 135 149]
[142 134 148]
[142 133 147]
[141 132 146]
[138 129 143]
[135 127 141]
[135 127 140]
[136 128 141]
[137 129 143]
[136 127 142]
[134 125 140]
[131 123 138]
[128 120 136]
[125 118 134]
[123 116 132]
[122 116 132]
[122 116 131]
[122 115 130]
[123 116 131]
[125 117 131]
[124 116 128]
[125 116 129]
[126 117 131]
[128 118 133]
[127 118 133]
[128 119 134]
[129 120 135]
[131 124 138]
[136 128 142]
[140 133 146]
[143 139 151]
[141 146 157]
[141 146 157]
[143 138 151]
[140 130 146]
[136 126 143]
[132 121 138]
[129 117 134]
[127 114 132]
[124 113 130]
[121 111 128]
[119 111 128]
[118 112 129]
[120 113 131]
[123 116 134]
[129 118 135]
[136 122 138]
[142 125 140]
[147 127 141]
[150 128 141]
[152 127 139]
[149 125 136]
[145 122 134]
[140 118 131]
[136 114 128]
[132 112 126]
[128 110 125]
[127 108 124]
[127 105 121]
[125 103 118]
[123 101 115]
[127  99 114]
[132 101 116]
[138 103 117]
[145 106 120]
[153 111 124]
[159 115 126]
[165 117 127]
[168 118 126]
[166 118 126]
[162 117 125]
[159 114 125]
[155 112 125]
[151 110 125]
[147 108 124]
[145 105 120]
[140 104 118]
[138 103 116]
[137 103 115]
[138 103 114]
[142 102 114]
[149 101 116]
[157 102 119]
[163 106 123]
[170 110 128]
[176 114 132]
[179 117 134]
[179 119 136]
[180 122 139]
[180 124 140]
[180 131 145]
[177 143 153]
[177 156 162]
[178 167 170]
[180 178 177]
[183 188 184]
[180 192 190]
[177 194 193]
[175 197 195]
[173 199 196]
[169 195 190]
[169 193 189]
[168 190 187]
[165 187 183]
[161 184 178]
[161 183 177]
[167 184 184]
[169 183 185]
[165 179 181]
[162 175 177]
[147 157 158]
