[163 162 101]
[163 162 101]
[162 162 102]
[162 162 102]
[162 162 102]
[162 162 102]
[161 161 102]
[161 161 102]
[161 162 103]
[162 162 103]
[162 161 104]
[162 161 104]
[162 161 104]
[161 161 104]
[161 161 105]
[161 161 105]
[161 161 105]
[161 161 105]
[161 161 106]
[161 161 106]
[161 161 106]
[161 162 107]
[161 162 107]
[161 162 108]
[161 162 108]
[161 162 108]
[161 162 108]
[162 162 108]
[162 162 109]
[162 162 109]
[161 162 108]
[161 162 108]
[161 162 108]
[162 162 108]
[162 161 107]
[161 161 107]
[161 161 107]
[161 161 107]
[161 161 107]
[161 161 107]
[160 161 107]
[160 160 107]
[159 159 106]
[159 159 106]
[158 159 106]
[158 159 106]
[158 159 106]
[159 159 106]
[159 159 106]
[159 159 106]
[158 159 106]
[159 159 105]
[158 158 105]
[158 158 104]
[158 158 104]
[157 158 103]
[157 157 103]
[157 157 104]
[157 157 104]
[156 157 104]
[156 157 104]
[156 157 104]
[156 157 104]
[156 156 103]
[155 156 102]
[156 156 103]
[156 157 103]
[157 157 104]
[157 158 104]
[157 158 104]
[157 158 104]
[157 158 104]
[157 158 104]
[157 158 105]
[157 158 105]
[157 158 105]
[157 158 105]
[157 158 105]
[157 158 105]
[157 158 105]
[157 158 104]
[157 158 104]
[157 158 104]
[157 157 104]
[157 157 104]
[157 157 104]
[157 157 104]
[157 158 104]
[157 158 104]
[157 158 104]
[157 158 104]
[157 158 104]
[157 158 104]
[157 158 104]
[157 158 104]
[157 158 104]
[157 158 104]
[157 158 104]
[157 158 104]
[157 157 104]
[157 157 104]
[157 157 104]
[157 157 104]
[157 157 104]
[157 157 104]
[156 157 104]
[156 157 105]
[156 157 105]
[156 157 105]
[156 157 105]
[156 157 105]
[156 157 104]
[156 157 104]
[156 157 104]
[155 157 103]
[155 156 103]
[154 156 103]
[154 155 102]
[153 154 101]
[152 153 100]
[150 151  98]
[147 148  96]
[145 146  94]
[142 144  92]
[141 144  92]
[139 142  90]
[137 139  88]
[135 137  86]
[135 138  88]
[135 138  88]
[133 135  87]
[129 132  84]
[130 132  84]
[143 146  96]
[147 149  99]
[144 147  97]
[139 142  94]
[138 141  93]
[141 144  94]
[146 149 100]
[149 153 103]
[151 153 104]
[150 152 103]
[151 153 102]
[152 154 102]
[154 156 103]
[157 158 105]
[160 160 107]
[162 162 108]
[163 163 109]
[164 164 109]
[164 164 109]
[165 165 110]
[166 166 111]
[167 167 112]
[167 167 112]
[166 166 112]
[165 165 111]
[163 163 109]
[162 162 108]
[161 161 107]
[161 161 107]
[161 161 107]
[161 161 107]
[161 160 106]
[160 161 107]
[161 161 107]
[161 161 107]
[161 161 107]
[160 161 107]
[160 160 107]
[160 160 106]
[159 160 106]
[159 159 105]
[159 159 105]
[158 159 105]
[158 158 104]
[157 158 104]
[156 157 104]
[153 154 102]
[149 150  98]
[149 149  98]
[148 149  97]
[147 148  96]
[147 149  96]
[150 151  98]
[154 155 101]
[154 155 101]
[154 155 102]
[154 156 102]
[154 155 102]
[153 154 101]
[152 154 100]
[153 154 101]
[153 154 101]
[153 155 102]
[153 155 103]
[153 155 103]
[151 153 101]
[149 152 100]
[151 153 101]
[152 154 102]
[153 154 102]
[153 154 101]
[153 154 101]
[153 153 101]
[152 153 100]
[152 153 100]
[152 154 101]
[153 154 102]
[153 155 102]
[155 156 103]
[155 156 104]
[155 156 103]
[155 156 103]
[155 156 103]
[155 155 102]
[154 155 102]
[154 155 101]
[153 154 102]
[153 154 101]
[154 155 102]
[154 155 103]
[155 156 103]
[155 156 103]
[155 156 102]
[155 156 102]
[156 156 103]
[156 157 103]
[157 157 104]
[157 158 104]
[157 157 104]
[156 157 104]
[156 156 103]
[155 156 102]
[154 155 102]
[154 155 102]
[152 154 101]
[151 152 100]
[150 151  99]
[149 150  98]
[148 149  98]
[148 149  97]
[148 149  97]
[148 148  96]
[149 149  96]
[149 149  96]
